335707780,335774124
335558792,335635688
334683207,335096179
335044579,335066525
334746901,335061187
334642880,334724214
333347694,334649176
333705578,334648898
332770312,334645686
332320231,334644021
332388196,334616565
333805674,334114305
333157017,333378698
332796323,333223349
331405510,332359590
332228865,332272209
331595236,331696963
335279559,335466088
335145142,335172501
334782832,334883274
334766106,334784197
334483529,334650793
333720259,333813241
333702230,333723457
332063876,333504008
332459472,332571903
332551542,332570293
332400944,332429590
328351747,332013536
331688613,331945625
331287276,331807524
335454504,335462848
335331228,335355086
332545313,335330215
335032187,335035429
334772542,334826168
334640062,334649558
333811285,333910263
333101585,333594663
332967093,333384477
332535286,333324834
333140157,333143427
333078442,333105570
332386615,332948373
329658417,332379931
332272422,332283437
332154183,332162009
331947958,331958603
331680822,331690158
332854614,332884404
331975740,332054600
332719956,332727957
335233898,335330590
333727619,333728131
333590859,333717876
333514449,333566992
332723044,332724937
331695236,332291654
331591654,331598681
331465256,331492769
334853568,334862143
334320022,334383158
333880642,333969731
332877612,333302945
330889995,332935888
332648587,332772118
332280654,332306600
335644207,335783241
335558890,335575660
335552082,335568868
335552093,335568889
334657018,334711226
333653727,333717360
333105216,333697757
335469430,335759079
335469428,335759084
335491115,335496515
335482856,335486673
335482834,335486663
334972980,335040772
334972988,335040776
332099005,333375841
333149353,333150782
333149367,333150816
333067728,333079115
332981082,332982951
332981088,332982957
332622461,332963822
332938214,332948899
332662194,332663111
332371750,332374163
332189897,332192446
332189727,332192344
332183880,332184370
332161375,332162029
331932928,331934807
331932940,331934815
335526278,335623007
335110367,335131400
334856699,334869084
334855529,334868998
332372286,332455279
332030432,332206809
332030372,332206751
331801816,331876268
333299198,333422453
333175910,333195191
335148838,335492735
334583780,334589314
334026471,334031174
333559017,333582596
332656451,332665818
332156705,332172585
335819979,335838942
335562775,335568481
335445344,335448254
334991040,334997427
334933430,334940176
334920075,334930221
334711550,334813785
334710236,334715014
334708797,334737232
334354181,334356405
334189186,334190186
334140534,334141635
334095972,334097657
334017824,334019086
333959743,333965799
333882204,333923050
333047580,333505566
333493181,333495462
333131213,333136198
333037356,333042441
333036166,333039976
332917176,332924797
332860516,332894987
332579845,332582530
332461564,332467155
332130241,332132234
331603252,332068367
331927839,332038619
331819439,331825996
331815828,331824494
331443188,331813107
331603972,331611647
333699293,333720329
333699221,333720293
327125099,333698295
333141088,333184431
333141106,333184412
332571774,332829879
332571483,332829869
332593733,332604251
315078624,332120856
330907223,333321470
333365756,335699836
330783691,331700598
333035313,333072300
333018688,333064963
332597532,332604814
332589093,332602022
331982342,332012595
292769166,335729513
334803634,334836242
334803974,334836334
334792855,334803740
333800141,334707131
332880669,333810908
332933675,333800075
332835706,332933661
331993498,331997507
331993475,331997467
335207080,335283908
335102024,335111187
332295187,332300762
334066520,334076797
333184905,333185342
334629181,335122221
334672344,334704033
333278717,333626904
331719413,331746568
329854331,331689407
330784416,332281002
330784413,332280959
330871810,332280888
330871856,332280852
330784390,332280682
330784364,332280673
330790910,332280619
330790795,332280591
330783963,332280390
332225176,332241636
332225062,332241617
331920456,331924033
333100620,334714293
331959098,332012864
335190329,335339116
335278990,335285448
334708722,335190344
334949727,335054548
334949731,335054717
333911789,333925919
333911801,333925921
333868513,333900528
333868450,333900495
333764068,333802262
333760390,333801562
333726380,333734006
333726352,333733975
333063205,333073389
333063197,333073387
332952612,332955646
332952721,332955667
332369194,332373026
332369247,332373096
332304107,332306972
334974868,334979375
332609646,334688460
334808235,335343300
331969281,331975191
334960353,335207006
332432254,332439034
332022184,332022268
330931107,331975223
327472820,333504898
332103984,332116949
334506115,334511220
334146147,334316580
334110960,334126920
333273467,333374916
332119052,332134001
331999557,332126041
331727639,331929173
335245833,335250128
335200980,335211021
334849075,334853165
334710197,334808090
334108276,334113315
333929886,333930038
333481107,333518355
333245800,333644985
332279952,332288809
332193800,332225163
334458501,335411928
334312040,334312397
333168412,333899872
332817698,333294652
332450644,332934943
332306644,332685843
331685720,331930913
331149864,331652508
331100166,331643055
332235103,332291121
333409277,333473111
334607542,334619736
333306747,333544949
332701874,332712660
330719643,332170201
335496828,335526402
335827320,335827718
334894067,334899953
332324658,335116708
331849997,334625237
333586057,333653195
332877978,332879631
332714488,332714774
333186148,334716361
334589171,334589342
334460776,334469983
330480393,332759075
330968417,331962558
334678438,334681298
331712157,331713529
331712177,331713467
335631296,335664450
334637352,335047743
335077761,335087310
335077822,335087335
333779392,334627832
334717539,334731335
334717672,334731375
331832736,331849155
331833009,331849166
334194058,334201188
333859696,333888034
333697929,333710167
333340188,333669698
332893996,332903017
