338152503,338651412
338604155,338618682
338212139,338433992
337550434,337840487
337474312,337478740
336567326,337422377
337376835,337406630
337293550,337297752
337251148,337269217
336094491,337214453
336927679,336929535
336560928,336857618
336235533,336431101
335627310,336159171
335775842,336004253
338312074,338379864
338252836,338253413
338186756,338212686
337586854,337617304
337192494,337380755
336809339,336809790
336377280,336398125
336121868,336133263
335969556,335994881
338662538,338705374
338180984,338271572
338120476,338135023
337956234,338106814
337881545,337949922
336568048,337786735
337681835,337704265
337677079,337680556
337446564,337642676
336714986,336771451
335802054,336722257
336224476,336242656
318026539,336745599
318026519,336679030
336555578,336578145
338013274,338503889
338193099,338366740
337761337,337919286
337289294,337316267
337172154,337203314
337038559,337087609
336418443,336803510
335677283,335901292
338555477,338681864
338655840,338667338
336255016,336275895
337917481,337921817
337917449,337919434
337444527,337462511
335994526,336033713
338690072,338695744
338386571,338644937
338330994,338331240
338279650,338293438
338279662,338293450
338262116,338269705
337900566,337908569
337830465,337842846
337830676,337842868
337793447,337831741
337728830,337734615
337728785,337734579
336776009,336783652
336745613,336754149
337744896,337800655
335985628,336060873
336662206,337575126
338491801,338516333
337899036,337918355
338137052,338620100
337571586,337590366
337383520,337386219
337316304,337322343
337282140,337285525
337251264,337254119
337116516,337188374
337143343,337145691
337102287,337114872
337101470,337102672
337095354,337102386
337086119,337088012
337061594,337065156
336905977,337034716
336750649,336792245
336746306,336753928
336703591,336707313
336695379,336706758
336463636,336465793
336409346,336410961
336408844,336410536
336359641,336362438
335940196,336081774
335890420,335906463
335926935,336198373
335905968,335910537
335894617,335905962
335815306,335884123
338237828,338282163
334174640,336986868
337901489,338131027
337118832,337127054
336824539,336839386
336757444,336759931
335888589,335900942
337796471,337932354
338593327,338652964
338513857,338534641
338513921,338534607
337776497,338027280
336716857,337768659
337745166,337754107
336592736,337742761
336398116,336635085
336397094,336398152
335111136,336973222
338264660,338414423
337368511,337423343
337255850,337260178
337040912,337049932
337546289,337573069
337440600,337445574
337427993,337437395
336445628,336478765
334843335,336997308
337679202,338113733
337982434,337988994
337972530,337976193
337736892,337750959
337736851,337750937
337254943,337328486
337164791,337207687
337164800,337207689
336979174,336978514
336720064,336953427
336720049,336953420
336932501,336933499
336355570,336708942
336355199,336708898
336248894,336266639
336247376,336266579
336151370,336237095
336151398,336237050
336126759,336146669
336124406,336146632
335856606,336037530
335856515,336037409
338502679,338585577
337910172,337937230
337909441,337909937
338613799,338716830
338603736,338637674
337535538,337550968
338121462,338281992
337617223,337621252
336168312,336185306
336172698,336176859
333945094,336034517
333945053,336034512
335412310,338736077
336355904,336356217
335282424,336148151
337249133,337259508
338433582,338435175
336563220,336568417
336007188,336081549
338476621,338492677
338439832,338441997
338016101,338045646
337636286,337992628
337518160,337552050
335860500,336004901
335860560,336005332
336060691,336087056
338605066,338617944
338448140,338455290
337534426,337530357
338465840,338534286
338452516,338456087
338450634,338455912
336045433,337495517
337400728,337519083
336057055,336110410
336095714,336102802
335027721,336671567
336074023,336078793
338034519,338094335
338034537,338094381
338514993,338515556
338514950,338515578
337924015,337929254
336640686,337924075
336110154,336117049
336084758,336096872
336084732,336096849
336552231,336552868
336715520,336721064
336715509,336721039
336329922,336332506
