331396118,331409546
331339429,331355898
329904895,331201745
330280818,331148576
330950282,331099960
330803512,331020116
330728672,330850171
330690195,330811692
330452413,330760662
330423965,330689685
330378576,330383136
330282675,330381562
330263258,330377185
330257517,330300830
329877063,330257971
329506167,329853954
329150834,329399505
325082176,329014583
327128559,328925026
331397548,331404942
330853580,330945999
329747630,330624355
330454307,330485900
329664900,329868368
329857178,329872440
329317738,329334227
329115939,329127454
328891283,328893903
328225368,328874794
330089878,330511059
329713021,330123463
328374665,329910848
327334293,329612832
331395305,331443194
331383414,331384821
331271714,331308746
331291333,331304582
331292337,331296780
331244604,331259920
331145489,331156583
330584248,330624561
330240260,330477659
330054537,330202373
329912966,329943902
329317502,329334436
328898293,328899927
328837635,328855563
331457276,331475951
330099754,330948140
328207925,330370118
329244703,329338347
330288886,330332164
330288896,330332184
329423024,329427792
331062397,331073982
331062391,331073980
331064712,331066076
331064718,331066081
330957675,330960536
330957664,330960512
330514205,330517349
330227401,330228763
330183657,330183968
330167901,330173102
329281437,329287327
329051186,329100531
329136666,329146007
328065990,329001843
330245856,330253315
330197238,330215399
330183960,330184074
329368174,329391034
331377298,331386644
331238938,331239207
331158651,331162252
331089761,331091224
331078991,331081169
330992674,330995076
330984648,330993371
330750165,330887299
329260943,329291842
329152358,329177520
328968148,328974214
328888609,328891970
328681493,328889491
331082423,331135380
331082425,331135396
331076420,331078999
331047162,331066883
330949848,330951342
330626791,330681078
330626515,330681059
330639354,330645208
330632135,330630855
330615604,330630859
330246430,330267605
330247480,330267624
330176121,330181924
330172825,330174243
329699174,329755694
330674545,330677388
330181788,330454009
329196811,329324117
328282038,329343866
330775639,330780916
330803482,331019844
326477473,329012087
330626679,330632246
328783960,328869903
328783976,328869854
327764465,329911195
331378030,331482811
330595399,330765250
328899925,328903523
329843098,329844458
329428805,329440330
328109137,329013236
328134207,328970395
329059212,329389842
329045131,329389408
328990209,329055765
329034073,329039914
328132561,328982516
328126976,328982464
331525379,331534243
331525419,331534258
331522780,331529616
331522749,331529607
331509533,331524993
331434590,331446836
331434601,331446859
330826764,330844509
330826773,330844571
330409501,330417035
330409486,330416994
330329758,330339095
330329731,330339031
329496441,329972758
329496212,329972565
329915738,329924039
329915054,329924007
330017908,330025007
330544347,330582584
330090275,330091808
330051361,330090215
329529800,329563661
329441928,329449709
327617019,328995104
329180891,329188232
329140889,329158148
330696298,331363996
331347609,331351662
331347603,331351655
330000100,330010302
331264727,331276768
330713825,330725261
329485450,329563922
329160941,329201996
330690176,330811636
330422062,330689668
329150819,329399484
330883085,330923206
330883035,330923179
330356407,330358290
330291145,330354880
330283265,330291089
329384963,329389175
329369431,329377748
329349630,329355903
329349615,329355901
329092734,329094196
329092754,329094174
329938497,329986070
330628523,330768616
330450765,330460077
328858215,329480959
329411251,329411468
329081167,329093966
329044523,329059833
329909136,330218059
328959942,328965150
328183145,330373813
328184348,330373827
326889818,330342374
326889446,330342365
